UNITS MM,10000;
EDIT proj;
ADD P1 :W0.000000  -6.2617,-1.1939 4.6686,-1.1939 4.6686,1.1887 -6.2617,1.1887;
ADD P1 :W0.000000  6.0112,1.1887 4.6686,1.1887 4.6686,-1.1939 6.0112,-1.1939;
ADD P1 :W0.000000  11.4259,1.1887 11.4259,0.6887 13.4259,0.6887 13.4259,1.1887;
ADD P1 :W0.000000  11.4259,-0.6939 11.4259,-1.1939 13.4259,-1.1939 13.4259,-0.6939;
ADD P1 :W0.000000  11.7546,1.1887 11.7546,1.1886 13.0972,1.1886 13.0972,1.1887 13.0812,1.5560 13.0332,1.9205 12.9536,2.2794 12.8430,2.6301 12.7024,2.9697 12.5326,3.2959 12.3351,3.6059 12.1112,3.8976 11.8629,4.1687 11.5918,4.4170 11.3001,4.6409 10.9901,4.8384 10.6639,5.0082 10.3243,5.1488 9.9736,5.2594 9.6147,5.3390 9.2502,5.3870 8.8829,5.4030 8.5156,5.3870 8.1511,5.3390 7.7922,5.2594 7.4415,5.1488 7.1019,5.0082 6.7757,4.8384 6.4657,4.6409 6.1740,4.4170 5.9029,4.1687 5.6546,3.8976 5.4307,3.6059 5.2332,3.2959 5.0634,2.9697 4.9228,2.6301 4.8122,2.2794 4.7326,1.9205 4.6846,1.5560 4.6686,1.1887 4.6686,1.1886 6.0112,1.1886 6.0112,1.1887 6.0221,1.4390 6.0548,1.6874 6.1091,1.9320 6.1844,2.1709 6.2803,2.4023 6.3959,2.6245 6.5305,2.8358 6.6831,3.0346 6.8523,3.2193 7.0370,3.3885 7.2358,3.5411 7.4470,3.6757 7.6693,3.7913 7.9007,3.8872 8.1396,3.9625 8.3842,4.0168 8.6326,4.0495 8.8829,4.0604 9.1332,4.0495 9.3816,4.0168 9.6262,3.9625 9.8651,3.8872 10.0965,3.7913 10.3187,3.6757 10.5300,3.5411 10.7288,3.3885 10.9135,3.2193 11.0827,3.0346 11.2353,2.8358 11.3699,2.6246 11.4855,2.4023 11.5814,2.1709 11.6567,1.9320 11.7110,1.6874 11.7437,1.4390;
ADD P1 :W0.000000  6.0112,-1.1939 6.0112,-1.1938 4.6686,-1.1938 4.6686,-1.1939 4.6846,-1.5612 4.7326,-1.9257 4.8122,-2.2846 4.9228,-2.6353 5.0634,-2.9749 5.2332,-3.3011 5.4307,-3.6111 5.6546,-3.9028 5.9029,-4.1739 6.1740,-4.4222 6.4657,-4.6461 6.7757,-4.8436 7.1019,-5.0134 7.4415,-5.1540 7.7922,-5.2646 8.1511,-5.3442 8.5156,-5.3922 8.8829,-5.4082 9.2502,-5.3922 9.6147,-5.3442 9.9736,-5.2646 10.3243,-5.1540 10.6639,-5.0134 10.9901,-4.8436 11.3001,-4.6461 11.5918,-4.4222 11.8629,-4.1739 12.1112,-3.9028 12.3351,-3.6111 12.5326,-3.3011 12.7024,-2.9749 12.8430,-2.6353 12.9536,-2.2846 13.0332,-1.9257 13.0812,-1.5612 13.0972,-1.1939 13.0972,-1.1938 11.7546,-1.1938 11.7546,-1.1939 11.7437,-1.4442 11.7110,-1.6926 11.6567,-1.9372 11.5814,-2.1761 11.4855,-2.4075 11.3699,-2.6297 11.2353,-2.8410 11.0827,-3.0398 10.9135,-3.2245 10.7288,-3.3937 10.5300,-3.5463 10.3188,-3.6809 10.0965,-3.7965 9.8651,-3.8924 9.6262,-3.9677 9.3816,-4.0220 9.1332,-4.0547 8.8829,-4.0656 8.6326,-4.0547 8.3842,-4.0220 8.1396,-3.9677 7.9007,-3.8924 7.6693,-3.7965 7.4471,-3.6809 7.2358,-3.5463 7.0370,-3.3937 6.8523,-3.2245 6.6831,-3.0398 6.5305,-2.8410 6.3959,-2.6298 6.2803,-2.4075 6.1844,-2.1761 6.1091,-1.9372 6.0548,-1.6926 6.0221,-1.4442;
ADD P1 :W0.000000  20.0228,9.7138 15.7335,9.7138 13.3509,7.3312 13.3509,2.2375 15.7335,2.2375 15.7335,7.3312 20.0228,7.3312;
  BEGIN_ASSOC
    ADD N1 :F1.000000 :R0 :T12345 'net=N__6' 0.00, 0.00;
  END_ASSOC
ADD P1 :W0.000000  13.8710,2.2375 13.8710,1.6107 13.4282,1.6107 13.4282,0.2682 13.8710,0.2682 15.2135,1.6106 15.2135,2.2375;
  BEGIN_ASSOC
    ADD N1 :F1.000000 :R0 :T12345 'net=N__6' 0.00, 0.00;
  END_ASSOC
ADD P1 :W0.000000  20.0228,-7.3350 15.7335,-7.3350 15.7335,-2.2413 13.3509,-2.2413 13.3509,-7.3350 15.7335,-9.7176 20.0228,-9.7176;
  BEGIN_ASSOC
    ADD N1 :F1.000000 :R0 :T12345 'net=N__13' 0.00, 0.00;
  END_ASSOC
ADD P1 :W0.000000  15.2135,-2.2413 15.2135,-1.6144 13.8710,-0.2719 13.4282,-0.2720 13.4282,-1.6145 13.8710,-1.6145 13.8710,-2.2413;
  BEGIN_ASSOC
    ADD N1 :F1.000000 :R0 :T12345 'net=N__13' 0.00, 0.00;
  END_ASSOC
SAVE;
