UNITS MM,10000;
EDIT proj;
ADD P1 :W0.000000  -5.0000,-1.1913 5.9303,-1.1913 5.9303,1.1913 -5.0000,1.1913;
ADD P1 :W0.000000  7.2729,1.1913 5.9303,1.1913 5.9303,-1.1913 7.2729,-1.1913;
ADD P1 :W0.000000  13.6882,7.6066 13.6883,7.6066 13.6883,8.9492 13.6882,8.9492 13.0121,8.9197 12.3411,8.8313 11.6803,8.6849 11.0348,8.4813 10.4096,8.2223 9.8092,7.9098 9.2385,7.5462 8.7015,7.1342 8.2025,6.6770 7.7453,6.1780 7.3333,5.6410 6.9697,5.0702 6.6572,4.4699 6.3982,3.8447 6.1946,3.1992 6.0482,2.5384 5.9598,1.8674 5.9303,1.1913 5.9303,1.1912 7.2729,1.1912 7.2729,1.1913 7.2973,1.7504 7.3704,2.3053 7.4915,2.8517 7.6598,3.3855 7.8740,3.9025 8.1324,4.3989 8.4331,4.8710 8.7738,5.3150 9.1519,5.7276 9.5645,6.1057 10.0085,6.4464 10.4805,6.7471 10.9770,7.0055 11.4940,7.2197 12.0278,7.3880 12.5742,7.5091 13.1291,7.5822;
ADD P1 :W0.000000  13.6882,8.9492 13.6882,7.0866 15.6882,7.0866 15.6882,9.4692 14.6882,9.4692 14.6882,8.9492;
ADD P1 :W0.000000  15.6882,7.0866 26.6185,7.0866 26.6185,9.4692 15.6882,9.4692;
ADD P1 :W0.000000  15.6882,-7.0866 26.6185,-7.0866 26.6185,-9.4692 15.6882,-9.4692;
ADD P1 :W0.000000  13.6882,-7.6066 13.6883,-7.6066 13.6883,-8.9492 13.6882,-8.9492 13.0121,-8.9197 12.3411,-8.8313 11.6803,-8.6849 11.0348,-8.4813 10.4096,-8.2223 9.8092,-7.9098 9.2385,-7.5462 8.7015,-7.1342 8.2025,-6.6770 7.7453,-6.1780 7.3333,-5.6410 6.9697,-5.0702 6.6572,-4.4699 6.3982,-3.8447 6.1946,-3.1992 6.0482,-2.5384 5.9598,-1.8674 5.9303,-1.1913 5.9303,-1.1912 7.2729,-1.1912 7.2729,-1.1913 7.2973,-1.7504 7.3704,-2.3053 7.4915,-2.8517 7.6598,-3.3855 7.8740,-3.9025 8.1324,-4.3989 8.4331,-4.8710 8.7738,-5.3150 9.1519,-5.7276 9.5645,-6.1057 10.0085,-6.4464 10.4805,-6.7471 10.9770,-7.0055 11.4940,-7.2197 12.0278,-7.3880 12.5742,-7.5091 13.1291,-7.5822;
ADD P1 :W0.000000  13.6882,-8.9492 13.6882,-7.0866 15.6882,-7.0866 15.6882,-9.4692 14.6882,-9.4692 14.6882,-8.9492;
ADD P1 :W0.000000  13.6882,7.0866 13.6882,6.5866 15.6882,6.5866 15.6882,7.0866;
ADD P1 :W0.000000  13.6882,-6.5866 13.6882,-7.0866 15.6882,-7.0866 15.6882,-6.5866;
SAVE;
