UNITS MM,10000;
EDIT proj;
ADD P1 :W0.000000  3.6190,1.9109 3.6190,1.4109 5.6190,1.4109 5.6190,1.9109;
ADD P1 :W0.000000  3.6190,0.0283 3.6190,-0.4717 5.6190,-0.4717 5.6190,0.0283;
ADD P1 :W0.000000  -14.0261,-0.4413 -3.0958,-0.4413 -3.0958,1.9413 -14.0261,1.9413;
ADD P1 :W0.000000  -1.7532,1.9413 -3.0958,1.9413 -3.0958,-0.4413 -1.7532,-0.4413;
ADD P1 :W0.000000  3.6190,3.7735 3.6190,1.9109 5.6190,1.9109 5.6190,4.2935 4.6190,4.2935 4.6190,3.7735;
ADD P1 :W0.000000  3.6190,-2.3343 3.6190,-0.4717 5.6190,-0.4717 5.6190,-2.8543 4.6190,-2.8543 4.6190,-2.3343;
ADD P1 :W0.000000  3.6190,-0.9917 2.1576,-0.9917 2.1576,-2.3343 3.6190,-2.3343;
ADD P1 :W0.000000  3.6190,3.7735 2.1576,3.7735 2.1576,2.4309 3.6190,2.4309;
ADD P1 :W0.000000  -1.7532,-2.9164 -3.0958,-2.9164 -1.7533,-4.2589;
ADD P1 :W0.000000  0.8150,-2.9164 0.8150,-4.2590 2.1575,-2.9165;
ADD P1 :W0.000000  2.1576,-2.3343 2.1576,-0.9917 0.8151,-2.3342;
ADD P1 :W0.000000  -1.7532,4.4164 -1.7532,5.7590 -3.0957,4.4165;
ADD P1 :W0.000000  0.8150,4.4164 2.1576,4.4164 0.8151,5.7589;
ADD P1 :W0.000000  2.1576,3.7735 0.8150,3.7735 2.1575,2.4310;
ADD P1 :W0.000000  2.1576,3.7735 2.1576,4.4164 0.8150,4.4164 0.8150,3.7735;
ADD P1 :W0.000000  0.8150,-2.9164 -1.7532,-2.9164 -1.7532,-4.2590 0.8150,-4.2590;
ADD P1 :W0.000000  0.8150,5.7590 -1.7532,5.7590 -1.7532,4.4164 0.8150,4.4164;
ADD P1 :W0.000000  -1.7532,-2.9164 -1.7532,-0.4413 -3.0958,-0.4413 -3.0958,-2.9164;
ADD P1 :W0.000000  -3.0958,4.4164 -3.0958,1.9413 -1.7532,1.9413 -1.7532,4.4164;
ADD P1 :W0.000000  5.6190,1.9109 16.5493,1.9109 16.5493,4.2935 5.6190,4.2935;
ADD P1 :W0.000000  5.6190,-2.8543 16.5493,-2.8543 16.5493,-0.4717 5.6190,-0.4717;
ADD P1 :W0.000000  0.8150,-2.3343 0.8150,-2.9164 2.1576,-2.9164 2.1576,-2.3343;
SAVE;
