UNITS MM,10000;
EDIT proj;
ADD P1 :W0.000000  0.0000,-1.1913 5.4652,-1.1913 5.4652,1.1913 0.0000,1.1913;
ADD P1 :W0.000000  11.9621,1.1913 11.9621,0.9413 13.4621,0.9413 13.4621,1.1913;
ADD P1 :W0.000000  11.9621,-0.9413 11.9621,-1.1913 13.4621,-1.1913 13.4621,-0.9413;
ADD P1 :W0.000000  6.8078,1.1913 5.4652,1.1913 5.4652,-1.1913 6.8078,-1.1913;
ADD P1 :W0.000000  11.9621,3.0539 11.9621,1.1913 13.4621,1.1913 13.4621,3.5739 12.7121,3.5739 12.7121,3.0539;
ADD P1 :W0.000000  11.9621,-3.0539 11.9621,-1.1913 13.4621,-1.1913 13.4621,-3.5739 12.7121,-3.5739 12.7121,-3.0539;
ADD P1 :W0.000000  6.8078,1.1913 6.8078,3.7517 8.6583,3.7517 8.6583,3.0538 10.0008,1.7114 11.9621,1.7114 11.9621,3.0539 10.0008,3.0539 10.0008,3.7517 8.6583,5.0941 6.8078,5.0941 5.4653,3.7517 5.4653,1.1913 6.8078,1.1913;
  BEGIN_ASSOC
    ADD N1 :F1.000000 :R0 :T12345 'net=N__2' 0.00, 0.00;
  END_ASSOC
ADD P1 :W0.000000  5.4653,-1.1913 5.4653,-3.7517 6.8078,-5.0941 8.6583,-5.0941 10.0008,-3.7517 10.0008,-3.0539 11.9621,-3.0539 11.9621,-1.7114 10.0008,-1.7114 8.6583,-3.0538 8.6583,-3.7517 6.8078,-3.7517 6.8078,-1.1913 5.4653,-1.1913;
  BEGIN_ASSOC
    ADD N1 :F1.000000 :R0 :T12345 'net=N__4' 0.00, 0.00;
  END_ASSOC
ADD P1 :W0.000000  13.4621,1.1913 14.5955,1.1913 16.9781,3.5739 16.9781,4.2150 17.3944,4.2150 17.3944,6.5976 16.9781,6.5976 14.5955,4.2150 14.5955,3.5739 13.4621,3.5739 13.4621,1.1913;
  BEGIN_ASSOC
    ADD N1 :F1.000000 :R0 :T12345 'net=P2' 0.00, 0.00;
  END_ASSOC
ADD P1 :W0.000000  13.4621,-3.5739 14.5955,-3.5739 14.5955,-4.2150 16.9781,-6.5976 17.3944,-6.5976 17.3944,-4.2150 16.9781,-4.2150 16.9781,-3.5739 14.5955,-1.1913 13.4621,-1.1913 13.4621,-3.5739;
  BEGIN_ASSOC
    ADD N1 :F1.000000 :R0 :T12345 'net=P3' 0.00, 0.00;
  END_ASSOC
SAVE;
