UNITS MM,10000;
EDIT proj;
ADD P1 :W0.000000  -36.3472,0.7234 -37.1018,0.7234 -37.1018,-0.7472 -36.3472,-0.7472;
ADD P1 :W0.000000  -29.3999,0.7234 -29.3999,0.3734 -28.1399,0.3734 -28.1399,0.7234;
ADD P1 :W0.000000  -29.3999,-0.3972 -29.3999,-0.7472 -28.1399,-0.7472 -28.1399,-0.3972;
ADD P1 :W0.000000  -25.7183,4.3262 -25.7183,5.7968 -27.1889,4.3262;
ADD P1 :W0.000000  -22.7183,4.3262 -5.6476,4.3262 -5.6476,5.7968 -22.7183,5.7968;
ADD P1 :W0.000000  -31.3259,-1.8649 -31.3279,-1.1103 -32.0826,-1.8670 -31.3278,-1.8670 -31.3279,-1.8649;
ADD P1 :W0.000000  -25.7183,2.1940 -25.7183,4.3262 -27.1889,4.3262 -27.1889,2.1940;
ADD P1 :W0.000000  -28.1399,0.7234 -27.1889,0.7234 -27.1889,2.1940 -28.1399,2.1940;
ADD P1 :W0.000000  -25.7183,4.3262 -22.7183,4.3262 -22.7183,5.7968 -25.7183,5.7968;
ADD P1 :W0.000000  -27.1889,2.1940 -27.1889,0.7234 -25.7183,2.1940;
ADD P1 :W0.000000  -29.3999,1.8360 -29.3999,0.7234 -28.1399,0.7234 -28.1399,2.1940 -28.7699,2.1940 -28.7699,1.8360;
ADD P1 :W0.000000  -28.1399,-0.7472 -27.1889,-0.7472 -27.1889,-2.2178 -28.1399,-2.2178;
ADD P1 :W0.000000  -36.3472,-6.6239 -32.0825,-6.6239 -32.0825,-5.8693 -36.3472,-5.8693;
ADD P1 :W0.000000  -31.3279,-5.8693 -31.3279,-1.8669 -32.0825,-1.8669 -32.0825,-5.8693;
ADD P1 :W0.000000  -32.0825,-5.8693 -32.0825,-6.6239 -31.3279,-5.8693;
ADD P1 :W0.000000  -25.7183,-2.2178 -25.7183,-4.3500 -27.1889,-4.3500 -27.1889,-2.2178;
ADD P1 :W0.000000  -36.3472,5.8455 -32.0825,5.8455 -32.0825,6.6001 -36.3472,6.6001;
ADD P1 :W0.000000  -32.0825,5.8455 -31.3279,5.8455 -32.0825,6.6001;
ADD P1 :W0.000000  -36.3472,5.8455 -36.3472,6.6001 -37.1018,5.8455;
ADD P1 :W0.000000  -36.3472,0.7234 -36.3472,5.8455 -37.1018,5.8455 -37.1018,0.7234;
ADD P1 :W0.000000  -31.3280,1.0864 -31.3260,1.8412 -29.3988,1.8361 -29.4008,1.0813;
ADD P1 :W0.000000  -32.0825,5.8455 -32.0825,1.8431 -31.3279,1.8431 -31.3279,5.8455;
ADD P1 :W0.000000  -31.3260,-1.8650 -31.3280,-1.1102 -29.4008,-1.1051 -29.3988,-1.8599;
ADD P1 :W0.000000  -37.1018,-0.7472 -37.1018,-5.8693 -36.3472,-5.8693 -36.3472,-0.7472;
ADD P1 :W0.000000  -25.7183,-4.3500 -22.7183,-4.3500 -22.7183,-5.8206 -25.7183,-5.8206;
ADD P1 :W0.000000  -25.7183,-4.3500 -25.7183,-5.8206 -27.1889,-4.3500;
ADD P1 :W0.000000  -29.3999,-1.8598 -29.3999,-0.7472 -28.1399,-0.7472 -28.1399,-2.2178 -28.7699,-2.2178 -28.7699,-1.8598;
ADD P1 :W0.000000  -31.3279,1.8431 -32.0825,1.8431 -31.3278,1.0864 -31.3258,1.8412 -31.3279,1.8411;
ADD P1 :W0.000000  -36.3472,-5.8693 -37.1018,-5.8693 -36.3472,-6.6239;
ADD P1 :W0.000000  -27.1889,-2.2178 -27.1889,-0.7472 -25.7183,-2.2178;
ADD P1 :W0.000000  -40.1018,-0.7472 -37.1018,-0.7472 -37.1018,0.7234 -40.1018,0.7234;
SAVE;
