UNITS MM,10000;
EDIT proj;
ADD P1 :W0.000000  -5.1006,-0.7285 -4.7213,-0.7285 -4.7213,0.7421 -5.1006,0.7421;
ADD P1 :W0.000000  -3.9667,0.7421 -4.7213,0.7421 -4.7213,-0.7285 -3.9667,-0.7285;
ADD P1 :W0.000000  2.9806,0.7421 2.9806,0.3921 4.2406,0.3921 4.2406,0.7421;
ADD P1 :W0.000000  2.9806,-0.3785 2.9806,-0.7285 4.2406,-0.7285 4.2406,-0.3785;
ADD P1 :W0.000000  6.6524,4.3449 6.6524,5.8155 5.1818,4.3449;
ADD P1 :W0.000000  7.7070,4.3449 24.7777,4.3449 24.7777,5.8155 7.7070,5.8155;
ADD P1 :W0.000000  1.0546,-1.8462 1.0526,-1.0916 0.2979,-1.8483 1.0527,-1.8483 1.0526,-1.8462;
ADD P1 :W0.000000  6.6524,2.2127 6.6524,4.3449 5.1818,4.3449 5.1818,2.2127;
ADD P1 :W0.000000  4.2406,0.7421 5.1916,0.7421 5.1916,2.2127 4.2406,2.2127;
ADD P1 :W0.000000  6.6524,4.3449 7.7070,4.3449 7.7070,5.8155 6.6524,5.8155;
ADD P1 :W0.000000  5.1818,2.2127 5.1818,0.7421 6.6524,2.2127;
ADD P1 :W0.000000  2.9806,1.8547 2.9806,0.7421 4.2406,0.7421 4.2406,2.2127 3.6106,2.2127 3.6106,1.8547;
ADD P1 :W0.000000  4.2406,-0.7285 5.1916,-0.7285 5.1916,-2.1991 4.2406,-2.1991;
ADD P1 :W0.000000  -3.9667,-6.6052 0.2980,-6.6052 0.2980,-5.8506 -3.9667,-5.8506;
ADD P1 :W0.000000  1.0526,-5.8506 1.0526,-1.8482 0.2980,-1.8482 0.2980,-5.8506;
ADD P1 :W0.000000  0.2980,-5.8506 0.2980,-6.6052 1.0526,-5.8506;
ADD P1 :W0.000000  6.6524,-2.1991 6.6524,-4.3313 5.1818,-4.3313 5.1818,-2.1991;
ADD P1 :W0.000000  -3.9667,5.8642 0.2980,5.8642 0.2980,6.6188 -3.9667,6.6188;
ADD P1 :W0.000000  0.2980,5.8642 1.0526,5.8642 0.2980,6.6188;
ADD P1 :W0.000000  -3.9667,5.8642 -3.9667,6.6188 -4.7213,5.8642;
ADD P1 :W0.000000  -3.9667,0.7421 -3.9667,5.8642 -4.7213,5.8642 -4.7213,0.7421;
ADD P1 :W0.000000  1.0525,1.1051 1.0545,1.8599 2.9817,1.8548 2.9797,1.1000;
ADD P1 :W0.000000  0.2980,5.8642 0.2980,1.8618 1.0526,1.8618 1.0526,5.8642;
ADD P1 :W0.000000  1.0545,-1.8463 1.0525,-1.0915 2.9797,-1.0864 2.9817,-1.8412;
ADD P1 :W0.000000  -4.7213,-0.7285 -4.7213,-5.8506 -3.9667,-5.8506 -3.9667,-0.7285;
ADD P1 :W0.000000  6.6524,-4.3313 7.7070,-4.3313 7.7070,-5.8019 6.6524,-5.8019;
ADD P1 :W0.000000  6.6524,-4.3313 6.6524,-5.8019 5.1818,-4.3313;
ADD P1 :W0.000000  2.9806,-1.8411 2.9806,-0.7285 4.2406,-0.7285 4.2406,-2.1991 3.6106,-2.1991 3.6106,-1.8411;
ADD P1 :W0.000000  1.0526,1.8618 0.2980,1.8618 1.0527,1.1051 1.0547,1.8599 1.0526,1.8598;
ADD P1 :W0.000000  -3.9667,-5.8506 -4.7213,-5.8506 -3.9667,-6.6052;
ADD P1 :W0.000000  5.1818,-2.1991 5.1818,-0.7285 6.6524,-2.1991;
SAVE;
