UNITS MM,10000;
EDIT proj;
ADD P1 :W0.000000  -6.5912,-1.3097 -6.2119,-1.3097 -6.2119,0.1609 -6.5912,0.1609;
ADD P1 :W0.000000  -5.4573,0.1609 -6.2119,0.1609 -6.2119,-1.3097 -5.4573,-1.3097;
ADD P1 :W0.000000  10.8010,3.5323 27.8717,3.5323 27.8717,5.0029 10.8010,5.0029;
ADD P1 :W0.000000  10.8010,5.0029 7.6311,5.0029 7.6311,3.5323 10.8010,3.5323;
ADD P1 :W0.000000  7.6311,3.5323 7.6311,5.0029 6.1605,3.5323;
ADD P1 :W0.000000  6.1605,3.5323 6.1605,0.9562 7.6311,0.9562 7.6311,3.5323;
ADD P1 :W0.000000  6.5185,0.9562 6.5185,0.3340 7.2731,0.3340 7.2731,0.9562;
ADD P1 :W0.000000  6.5185,0.3340 6.5185,-0.4206 7.2731,0.3340;
ADD P1 :W0.000000  6.5183,0.3340 5.9930,0.3340 5.9930,-0.4206 6.5183,-0.4206;
ADD P1 :W0.000000  4.9857,0.1609 4.9857,0.1608 5.7403,0.1608 5.7403,0.1609 5.7176,0.6818 5.6495,1.1986 5.5367,1.7076 5.3799,2.2048 5.1804,2.6865 4.9397,3.1489 4.6595,3.5887 4.3422,4.0023 3.9899,4.3866 3.6056,4.7389 3.1920,5.0562 2.7523,5.3364 2.2898,5.5771 1.8081,5.7766 1.3109,5.9334 0.8019,6.0462 0.2851,6.1143 -0.2358,6.1370 -0.7567,6.1143 -1.2735,6.0462 -1.7825,5.9334 -2.2797,5.7766 -2.7614,5.5771 -3.2239,5.3364 -3.6636,5.0562 -4.0772,4.7389 -4.4615,4.3866 -4.8138,4.0023 -5.1311,3.5887 -5.4113,3.1490 -5.6520,2.6865 -5.8515,2.2048 -6.0083,1.7076 -6.1211,1.1986 -6.1892,0.6818 -6.2119,0.1609 -6.2119,0.1608 -5.4573,0.1608 -5.4573,0.1609 -5.4374,0.6160 -5.3780,1.0676 -5.2794,1.5123 -5.1424,1.9468 -4.9681,2.3676 -4.7578,2.7716 -4.5130,3.1558 -4.2357,3.5172 -3.9280,3.8531 -3.5921,4.1608 -3.2307,4.4381 -2.8466,4.6829 -2.4425,4.8932 -2.0217,5.0675 -1.5872,5.2045 -1.1425,5.3031 -0.6909,5.3625 -0.2358,5.3824 0.2193,5.3625 0.6709,5.3031 1.1156,5.2045 1.5501,5.0675 1.9709,4.8932 2.3749,4.6829 2.7591,4.4381 3.1205,4.1608 3.4564,3.8531 3.7641,3.5172 4.0414,3.1558 4.2862,2.7717 4.4965,2.3676 4.6708,1.9468 4.8078,1.5123 4.9064,1.0676 4.9658,0.6160;
ADD P1 :W0.000000  4.7330,0.1609 4.7330,-0.1891 5.9930,-0.1891 5.9930,0.1609;
ADD P1 :W0.000000  4.7330,-0.9597 4.7330,-1.3097 5.9930,-1.3097 5.9930,-0.9597;
ADD P1 :W0.000000  4.9857,-1.3097 4.9857,-1.3096 5.7403,-1.3096 5.7403,-1.3097 5.7176,-1.8306 5.6495,-2.3474 5.5367,-2.8564 5.3799,-3.3536 5.1804,-3.8353 4.9397,-4.2977 4.6595,-4.7375 4.3422,-5.1511 3.9899,-5.5354 3.6056,-5.8877 3.1920,-6.2050 2.7523,-6.4852 2.2898,-6.7259 1.8081,-6.9254 1.3109,-7.0822 0.8019,-7.1950 0.2851,-7.2631 -0.2358,-7.2858 -0.7567,-7.2631 -1.2735,-7.1950 -1.7825,-7.0822 -2.2797,-6.9254 -2.7614,-6.7259 -3.2239,-6.4852 -3.6636,-6.2050 -4.0772,-5.8877 -4.4615,-5.5354 -4.8138,-5.1511 -5.1311,-4.7375 -5.4113,-4.2978 -5.6520,-3.8353 -5.8515,-3.3536 -6.0083,-2.8564 -6.1211,-2.3474 -6.1892,-1.8306 -6.2119,-1.3097 -6.2119,-1.3096 -5.4573,-1.3096 -5.4573,-1.3097 -5.4374,-1.7648 -5.3780,-2.2164 -5.2794,-2.6611 -5.1424,-3.0956 -4.9681,-3.5164 -4.7578,-3.9204 -4.5130,-4.3046 -4.2357,-4.6660 -3.9280,-5.0019 -3.5921,-5.3096 -3.2307,-5.5869 -2.8466,-5.8317 -2.4425,-6.0420 -2.0217,-6.2163 -1.5872,-6.3533 -1.1425,-6.4519 -0.6909,-6.5113 -0.2358,-6.5312 0.2193,-6.5113 0.6709,-6.4519 1.1156,-6.3533 1.5501,-6.2163 1.9709,-6.0420 2.3749,-5.8317 2.7591,-5.5869 3.1205,-5.3096 3.4564,-5.0019 3.7641,-4.6660 4.0414,-4.3046 4.2862,-3.9205 4.4965,-3.5164 4.6708,-3.0956 4.8078,-2.6611 4.9064,-2.2164 4.9658,-1.7648;
ADD P1 :W0.000000  10.8010,-6.1809 7.6311,-6.1809 7.6311,-4.7103 10.8010,-4.7103;
ADD P1 :W0.000000  7.6311,-4.7103 7.6311,-6.1809 6.1605,-4.7103;
ADD P1 :W0.000000  6.1605,-4.7103 6.1605,-2.1342 7.6311,-2.1342 7.6311,-4.7103;
ADD P1 :W0.000000  6.5185,-2.1342 6.5185,-1.5120 7.2731,-1.5120 7.2731,-2.1342;
ADD P1 :W0.000000  6.5185,-1.5120 6.5185,-0.7574 7.2731,-1.5120;
ADD P1 :W0.000000  6.5183,-1.5120 5.9930,-1.5120 5.9930,-0.7574 6.5183,-0.7574;
SAVE;
