UNITS MM,10000;
EDIT proj;
ADD P1 :W0.000000  0.0000,-0.7353 5.4900,-0.7353 5.4900,0.7353 0.0000,0.7353;
ADD P1 :W0.000000  6.2446,0.7353 5.4900,0.7353 5.4900,-0.7353 6.2446,-0.7353;
ADD P1 :W0.000000  6.2446,0.7353 6.2446,5.8574 5.4900,5.8574 5.4900,0.7353;
ADD P1 :W0.000000  6.2446,5.8574 6.2446,6.6120 5.4900,5.8574;
ADD P1 :W0.000000  6.2446,5.8574 10.5093,5.8574 10.5093,6.6120 6.2446,6.6120;
ADD P1 :W0.000000  10.5093,5.8574 11.2639,5.8574 10.5093,6.6120;
ADD P1 :W0.000000  10.5093,5.8574 10.5093,1.8550 11.2639,1.8550 11.2639,5.8574;
ADD P1 :W0.000000  11.2639,1.8550 10.5093,1.8550 11.2640,1.0983 11.2660,1.8531 11.2639,1.8530;
ADD P1 :W0.000000  11.2638,1.0983 11.2658,1.8531 13.1930,1.8480 13.1910,1.0932;
ADD P1 :W0.000000  13.1929,1.8479 13.1899,0.7353 14.4499,0.7320 14.4538,2.2026 13.8238,2.2042 13.8229,1.8462;
ADD P1 :W0.000000  13.1898,0.7354 14.4500,0.7320 14.4491,0.3818 13.1889,0.3852;
ADD P1 :W0.000000  13.1868,-0.3852 14.4470,-0.3886 14.4461,-0.7388 13.1859,-0.7354;
ADD P1 :W0.000000  13.1831,-1.8479 13.1861,-0.7353 14.4460,-0.7386 14.4421,-2.2092 13.8121,-2.2076 13.8131,-1.8496;
ADD P1 :W0.000000  14.4420,-2.2093 14.4460,-0.7385 19.9361,-0.7531 19.9322,-2.2239;
ADD P1 :W0.000000  14.4498,0.7319 14.4538,2.2027 19.9439,2.1881 19.9400,0.7173;
ADD P1 :W0.000000  19.9398,0.7173 19.9438,2.1881 37.0146,2.1428 37.0107,0.6720;
ADD P1 :W0.000000  6.2446,-0.7353 6.2446,-5.8574 5.4900,-5.8574 5.4900,-0.7353;
ADD P1 :W0.000000  10.5093,-5.8574 11.2639,-5.8574 10.5093,-6.6120;
ADD P1 :W0.000000  6.2446,-5.8574 6.2446,-6.6120 5.4900,-5.8574;
ADD P1 :W0.000000  6.2446,-5.8574 10.5093,-5.8574 10.5093,-6.6120 6.2446,-6.6120;
ADD P1 :W0.000000  10.5093,-5.8574 10.5093,-1.8550 11.2639,-1.8550 11.2639,-5.8574;
ADD P1 :W0.000000  11.2639,-1.8550 10.5093,-1.8550 11.2640,-1.0983 11.2660,-1.8531 11.2639,-1.8530;
ADD P1 :W0.000000  11.2659,-1.8530 13.1851,-1.8479 13.1831,-1.0933 11.2639,-1.0984 11.2659,-1.8530;
  BEGIN_ASSOC
    ADD N1 :F1.000000 :R0 :T12345 'net=N__27' 0.00, 0.00;
  END_ASSOC
SAVE;
