UNITS MM,10000;
EDIT proj;
ADD P1 :W0.000000  0.0000,-1.1913 10.9303,-1.1913 10.9303,1.1913 0.0000,1.1913;
ADD P1 :W0.000000  12.2729,1.1913 10.9303,1.1913 10.9303,-1.1913 12.2729,-1.1913;
ADD P1 :W0.000000  17.6451,1.1609 17.6451,0.6609 19.6451,0.6609 19.6451,1.1609;
ADD P1 :W0.000000  17.6451,-0.7217 17.6451,-1.2217 19.6451,-1.2217 19.6451,-0.7217;
ADD P1 :W0.000000  17.6451,-3.0843 17.6451,-1.2217 19.6451,-1.2217 19.6451,-3.6043 18.6451,-3.6043 18.6451,-3.0843;
ADD P1 :W0.000000  17.6451,3.0235 17.6451,1.1609 19.6451,1.1609 19.6451,3.5435 18.6451,3.5435 18.6451,3.0235;
ADD P1 :W0.000000  17.6451,3.0234 16.1837,3.0234 16.1837,3.6663 14.8412,5.0088 12.2729,5.0088 10.9304,3.6663 10.9304,1.1913 12.2729,1.1913 12.2729,3.6663 14.8412,3.6663 14.8412,3.0234 16.1837,1.6810 17.6451,1.6810 17.6451,3.0234;
  BEGIN_ASSOC
    ADD N1 :F1.000000 :R0 :T12345 'net=N__8' 0.00, 0.00;
  END_ASSOC
ADD P1 :W0.000000  19.6451,1.1609 20.0475,1.1609 22.4301,3.5435 22.4301,6.1576 25.6051,6.1576 25.6051,8.5402 22.4301,8.5402 20.0475,6.1576 20.0475,3.5435 19.6451,3.5435 19.6451,1.1609;
  BEGIN_ASSOC
    ADD N1 :F1.000000 :R0 :T12345 'net=P2' 0.00, 0.00;
  END_ASSOC
ADD P1 :W0.000000  17.6451,-1.7418 16.1837,-1.7418 14.8412,-3.0842 14.8412,-3.6663 12.2729,-3.6663 12.2729,-1.1913 10.9304,-1.1913 10.9304,-3.6663 12.2729,-5.0088 14.8412,-5.0088 16.1837,-3.6663 16.1837,-3.0842 17.6451,-3.0842 17.6451,-1.7418;
  BEGIN_ASSOC
    ADD N1 :F1.000000 :R0 :T12345 'net=N__7' 0.00, 0.00;
  END_ASSOC
ADD P1 :W0.000000  19.6451,-3.6043 20.0475,-3.6043 20.0475,-6.2184 22.4301,-8.6010 25.6051,-8.6010 25.6051,-6.2184 22.4301,-6.2184 22.4301,-3.6043 20.0475,-1.2217 19.6451,-1.2217 19.6451,-3.6043;
  BEGIN_ASSOC
    ADD N1 :F1.000000 :R0 :T12345 'net=P3' 0.00, 0.00;
  END_ASSOC
SAVE;
